epochth	original	50*x	50*x	30*x	10*x
1	0.1182	0.109	0.0927	0.1163	0.1088
2	0.15	0.1157	0.1	0.1115	0.1324
3	0.1568	0.1261	0.1216	0.2229	0.1006
4	0.1366	0.1614	0.1076	0.2675	0.109
5	0.1215	0.1883	0.1694	0.155	0.1702
6	0.3146	0.2274	0.2665	0.2488	0.2114
7	0.4098	0.331	0.4796	0.2462	0.3364
8	0.5212	0.3664	0.4522	0.4312	0.3522
9	0.5515	0.1479	0.143	0.4879	0.4926
10	0.5486	0.3176	0.1614	0.4079	0.6342
11	0.5909	0.4758	0.3191	0.5953	0.4775
12	0.622	0.5379	0.4148	0.6489	0.4793
13	0.6683	0.5701	0.5227	0.5961	0.5816
14	0.6839	0.5763	0.5475	0.683	0.5642
15	0.721	0.1008	0.5314	0.6183	0.5385
16	0.69	0.276	0.4497	0.6569	0.7104
17	0.707	0.3543	0.5536	0.7085	0.6982
18	0.7517	0.4901	0.6452	0.7327	0.619
19	0.672	0.4381	0.6455	0.6874	0.6345
20	0.704	0.6097	0.1647	0.6696	0.7056
21	0.7755	0.6831	0.2759	0.7617	0.7323
22	0.7515	0.7106	0.299	0.7469	0.7216
23	0.7842	0.5557	0.312	0.7922	0.7538
24	0.7732	0.6268	0.4465	0.7298	0.6954
25	0.8022	0.6278	0.3139	0.8014	0.7945
26	0.7224	0.723	0.4268	0.7897	0.786
27	0.7827	0.7368	0.4909	0.8023	0.7757
28	0.767	0.716	0.5257	0.7776	0.7843
29	0.729	0.1	0.5706	0.7477	0.787
30	0.784	0.2231	0.62	0.7761	0.7322
31	0.7686	0.3162	0.6913	0.7667	0.7933
32	0.7823	0.4312	0.4324	0.8044	0.6381
33	0.7775	0.4391	0.684	0.8166	0.7558
34	0.8074	0.4903	0.6568	0.7259	0.7788
35	0.7832	0.5293	0.7508	0.7608	0.7856
36	0.8001	0.6193	0.3521	0.7543	0.7994
37	0.8241	0.2984	0.7072	0.7958	0.7503
38	0.7878	0.4977	0.7176	0.7694	0.7921
39	0.8112	0.6036	0.7233	0.7564	0.8148
40	0.8071	0.6593	0.1014	0.7841	0.7679
41	0.8485	0.6153	0.6057	0.8602	0.8298
42	0.8606	0.7284	0.7507	0.8498	0.8282
43	0.859	0.5973	0.6724	0.8389	0.833
44	0.8469	0.7034	0.7357	0.853	0.7995
45	0.8455	0.6943	0.7787	0.8224	0.8006
46	0.828	0.2413	0.7262	0.8461	0.8466
47	0.8607	0.6602	0.7703	0.8437	0.8313
48	0.8302	0.7112	0.6953	0.8321	0.819
49	0.841	0.6897	0.7656	0.862	0.8366
50	0.8203	0.2918	0.7972	0.8546	0.8473
51	0.8322	0.6593	0.7871	0.8433	0.8567
52	0.833	0.7185	0.8016	0.8411	0.8025
53	0.8413	0.7285	0.7806	0.818	0.825
54	0.8355	0.725	0.7869	0.8612	0.8414
55	0.8313	0.7677	0.8139	0.8662	0.844
56	0.8469	0.322	0.5738	0.8423	0.8439
57	0.8691	0.7402	0.7717	0.8486	0.8484
58	0.8382	0.7784	0.7871	0.8501	0.8389
59	0.8086	0.7973	0.8197	0.8306	0.8381
60	0.842	0.7583	0.8302	0.8545	0.8203
61	0.8862	0.8246	0.8245	0.8678	0.8723
62	0.8806	0.5602	0.8398	0.8913	0.8708
63	0.87	0.6824	0.8509	0.8914	0.8735
64	0.8641	0.8042	0.8507	0.8878	0.8792
65	0.8749	0.8254	0.8489	0.8735	0.8759
66	0.8846	0.7838	0.8326	0.879	0.8761
67	0.8791	0.8279	0.8413	0.874	0.8677
68	0.8667	0.1403	0.8172	0.8871	0.864
69	0.875	0.7765	0.8011	0.8804	0.8694
70	0.8865	0.444	0.8065	0.887	0.8799
71	0.8523	0.6989	0.8574	0.8822	0.8659
72	0.8654	0.6999	0.8223	0.8844	0.8579
73	0.8842	0.7717	0.8402	0.8773	0.8563
74	0.8702	0.8118	0.8105	0.8837	0.8772
75	0.8248	0.8052	0.8483	0.8371	0.8791
76	0.8794	0.8076	0.8384	0.8702	0.8696
77	0.8774	0.8211	0.8503	0.8797	0.8799
78	0.8767	0.8152	0.8503	0.8851	0.8639
79	0.8571	0.7851	0.8157	0.8714	0.8675
80	0.8856	0.781	0.6978	0.8607	0.8565
81	0.9044	0.8165	0.69	0.8995	0.8898
82	0.9002	0.8147	0.8287	0.9003	0.8826
83	0.9012	0.8131	0.8497	0.9037	0.8966
84	0.9018	0.8259	0.87	0.9022	0.88
85	0.8972	0.8208	0.871	0.8979	0.8896
86	0.9021	0.8301	0.861	0.8938	0.8929
87	0.8898	0.8352	0.8526	0.913	0.891
88	0.9063	0.8518	0.866	0.8963	0.8945
89	0.8763	0.8447	0.8563	0.889	0.8962
90	0.8997	0.3674	0.8802	0.8924	0.9018
91	0.9004	0.81	0.7291	0.8945	0.9005
92	0.8992	0.8257	0.8214	0.8978	0.8977
93	0.904	0.8444	0.8387	0.8917	0.9043
94	0.886	0.7752	0.8278	0.9084	0.8961
95	0.898	0.3734	0.8062	0.903	0.8988
96	0.8893	0.7824	0.8094	0.8967	0.8972
97	0.8935	0.7902	0.8576	0.8955	0.898
98	0.8948	0.8452	0.8607	0.8782	0.9043
99	0.9039	0.8233	0.8728	0.9041	0.8902
100	0.8876	0.5348	0.829	0.9044	0.8971
101	0.9089	0.8086	0.8552	0.9139	0.9082
102	0.9036	0.8275	0.7873	0.9175	0.9015
103	0.9082	0.8324	0.8555	0.9161	0.9156
104	0.9091	0.8415	0.8703	0.9124	0.899
105	0.9155	0.8506	0.875	0.9138	0.8942
106	0.9115	0.8534	0.8805	0.9157	0.9129
107	0.9075	0.8531	0.8782	0.924	0.9165
108	0.9105	0.8349	0.8804	0.9249	0.9138
109	0.8945	0.8573	0.8768	0.9196	0.9121
110	0.9121	0.8578	0.8902	0.9124	0.9078
111	0.9144	0.8029	0.8817	0.9175	0.9101
112	0.9156	0.8458	0.8825	0.913	0.9138
113	0.9068	0.8567	0.8857	0.9155	0.9116
114	0.9139	0.8426	0.8903	0.9171	0.9093
115	0.9147	0.8521	0.8901	0.914	0.9084
116	0.9131	0.8623	0.8892	0.9123	0.9156
117	0.9088	0.8653	0.8857	0.9198	0.9066
118	0.9195	0.8396	0.8856	0.9159	0.9136
119	0.9184	0.8438	0.8491	0.9217	0.9041
120	0.9058	0.8607	0.8926	0.9134	0.9171
121	0.922	0.8683	0.8964	0.9212	0.9145
122	0.9193	0.8686	0.8996	0.9243	0.9144
123	0.9232	0.8685	0.3863	0.9239	0.9205
124	0.9168	0.8751	0.8556	0.9251	0.9173
125	0.924	0.8729	0.8603	0.9239	0.919
126	0.9255	0.752	0.8578	0.9234	0.9184
127	0.9154	0.8731	0.8698	0.9232	0.9162
128	0.9219	0.8776	0.877	0.9263	0.9181
129	0.919	0.8739	0.876	0.9249	0.9189
130	0.9232	0.8755	0.881	0.9215	0.9194
131	0.9243	0.8047	0.8833	0.9222	0.9183
132	0.9192	0.8759	0.8797	0.9245	0.913
133	0.9185	0.8814	0.8891	0.9209	0.9167
134	0.9196	0.7584	0.8715	0.9206	0.9158
135	0.9223	0.867	0.8813	0.9191	0.9204
136	0.9211	0.8702	0.8933	0.9202	0.9151
137	0.9152	0.8803	0.8851	0.9246	0.914
138	0.9178	0.8694	0.8888	0.9241	0.9146
139	0.9213	0.8672	0.5553	0.9227	0.9151
140	0.9197	0.8815	0.8658	0.9261	0.9196
141	0.9249	0.8816	0.8707	0.9303	0.9218
142	0.9219	0.8874	0.8774	0.9305	0.9176
143	0.9237	0.8785	0.8791	0.9305	0.9218
144	0.9234	0.8859	0.577	0.9328	0.9222
145	0.9265	0.8888	0.8844	0.929	0.923
146	0.9265	0.8722	0.8871	0.9288	0.9218
147	0.9269	0.8838	0.8862	0.928	0.9186
148	0.9275	0.8902	0.8907	0.9283	0.9188
149	0.9278	0.8845	0.8699	0.9256	0.9198
150	0.9291	0.8859	0.8715	0.9308	0.9222
151	0.9287	0.8858	0.8796	0.929	0.9213
152	0.9275	0.8815	0.8698	0.9283	0.919
153	0.9238	0.8807	0.8813	0.929	0.9201
154	0.925	0.8903	0.8833	0.9281	0.9281
155	0.9271	0.8845	0.8861	0.9285	0.9197
156	0.9262	0.885	0.8876	0.9258	0.9194
157	0.9297	0.89	0.8837	0.9308	0.9212
158	0.924	0.8742	0.8822	0.9308	0.9224
159	0.9266	0.8826	0.8911	0.9305	0.9241
160	0.9266	0.8821	0.8916	0.9248	0.922
161	0.9271	0.8873	0.8939	0.9323	0.9251
162	0.9297	0.887	0.8938	0.9326	0.9247
163	0.9268	0.89	0.8958	0.9314	0.9235
164	0.9299	0.8904	0.8921	0.9321	0.9253
165	0.9289	0.8925	0.8945	0.9314	0.9237
166	0.9293	0.8916	0.8959	0.933	0.9239
167	0.9312	0.8864	0.8937	0.9314	0.9256
168	0.9296	0.8904	0.8962	0.9296	0.9253
169	0.9312	0.8909	0.8964	0.9302	0.9266
170	0.9295	0.8926	0.8925	0.9299	0.9245
171	0.9292	0.8489	0.8963	0.9308	0.9258
172	0.9315	0.8886	0.897	0.9338	0.9245
173	0.9314	0.8388	0.8969	0.9282	0.9221
174	0.9291	0.8913	0.8971	0.9324	0.9264
175	0.928	0.8906	0.8969	0.9343	0.9219
176	0.9298	0.8889	0.8983	0.9331	0.9246
177	0.9275	0.89	0.896	0.9339	0.9255
178	0.9284	0.8902	0.8991	0.933	0.925
179	0.9297	0.893	0.8945	0.9328	0.9225
180	0.9281	0.8846	0.8948	0.9324	0.9225
181	0.9289	0.8855	0.8971	0.9323	0.9234
182	0.9291	0.8866	0.8987	0.932	0.9247
183	0.9288	0.8894	0.8973	0.9322	0.9243
184	0.9307	0.8897	0.8857	0.9326	0.9231
185	0.9302	0.8883	0.8986	0.9321	0.9226
186	0.9301	0.8881	0.8996	0.9341	0.926
187	0.9307	0.8895	0.9014	0.9332	0.9248
188	0.9292	0.8882	0.8981	0.9332	0.9241
189	0.9269	0.8911	0.8982	0.932	0.9267
190	0.9312	0.8901	0.8964	0.935	0.926
191	0.9301	0.8887	0.9008	0.9308	0.9244
192	0.9295	0.892	0.8969	0.9311	0.9241
193	0.9307	0.8934	0.8985	0.9321	0.9258
194	0.9308	0.8937	0.8955	0.9329	0.9255
195	0.9304	0.8943	0.8959	0.9315	0.9256
196	0.9323	0.8936	0.8984	0.9327	0.9252
197	0.9307	0.8928	0.8992	0.9323	0.9245
198	0.9301	0.8921	0.8993	0.9331	0.925
199	0.9311	0.893	0.8991	0.9308	0.9256
200	0.9307	0.8909	0.9009	0.9347	0.925
